2020-02-26 1 0 0
2020-02-27 1 0 0

2020-02-28 2 0 0

2020-02-29 2 0 0

2020-03-02 2 0 0

2020-03-03 4 0 0

2020-03-04 5 0 0

2020-03-05 2 0 0

2020-03-06 8 1 0

2020-03-07 6 0 0

2020-03-08 9 3 0

2020-03-09 33 1 0

2020-03-10 56 5 0

2020-03-11 65 1 0

2020-03-12 205 1 0

2020-03-13 262 3 0

2020-03-14 282 0 0

2020-03-15 156 11 1

2020-03-16 669 4 1

2020-03-17 783 9 2

2020-03-18 891 17 1

2020-03-19 1155 23 0

2020-03-20 1779 45 4

2020-03-21 725 75 5

2020-03-22 1041 57 5

2020-03-23 1529 105 5

2020-03-24 1668 113 5

2020-03-25 2367 162 6

2020-03-26 2645 303 9

2020-03-27 2200 282 3

2020-03-28 1288 288 11

2020-03-29 1640 271 18

2020-03-30 1978 372 15

2020-03-31 2377 406 22

2020-04-01 2583 468 22

2020-04-02 2717 396 22

2020-04-03 2831 513 32

2020-04-04 1670 461 25

2020-04-05 1136 527 34

2020-04-06 2522 556 25

2020-04-07 2806 422 36

2020-04-08 3097 422 29

2020-04-09 2823 558 37

2020-04-10 2844 514 25

2020-04-11 1576 486 20

2020-04-12 759 319 29

2020-04-13 3573 292 35

2020-04-14 3708 417 46

2020-04-15 3410 577 38

2020-04-16 4030 599 34

2020-04-17 4384 505 36

2020-04-18 1781 556 28

2020-04-19 1140 479 37

2020-04-20 4421 382 38

2020-04-21 3955 378 49

2020-04-22 3977 604 50

2020-04-23 4616 644 38

2020-04-24 3786 696 37

2020-04-25 2415 624 41

2020-04-26 1863 946 34

2020-04-27 4831 612 42

2020-04-28 5135 594 34

2020-04-29 5446 646 43

2020-04-30 5843 788 45

2020-05-01 6728 650 36

2020-05-02 3341 633 44

2020-05-03 1849 567 32

2020-05-04 5899 522 38

2020-05-05 6561 831 38

2020-05-06 6046 620 43

2020-05-07 6688 632 34

2020-05-08 6768 587 25

2020-05-09 3356 387 32

2020-05-10 1324 460 34

2020-05-11 7218 505 41

2020-05-12 6956 373 38

2020-05-13 7263 601 26

2020-05-14 8057 583 42

2020-05-15 9730 633 32

2020-05-16 3168 492 28

2020-05-17 1931 481 30

2020-05-18 8358 449 39

2020-05-19 7082 550 29

2020-05-20 6732 643 31

2020-05-21 7632 459 36

2020-05-22 8306 488 18

2020-05-23 2855 473 24

2020-05-24 1866 336 15

2020-05-25 1822 357 21

2020-05-26 7915 348 19

2020-05-27 6479 593 14

2020-05-28 7161 477 18

2020-05-29 7802 558 21

2020-05-30 2888 339 21

2020-05-31 1822 280 15

2020-06-01 8131 411 20

2020-06-02 5710 477 15

2020-06-03 6767 425 24

2020-06-04 6982 501 22

2020-06-05 7919 420 21

2020-06-06 3723 402 8

2020-06-07 1998 232 15

2020-06-08 9757 386 16

2020-06-09 6631 306 23

2020-06-10 8063 395 17

2020-06-11 9827 414 15

2020-06-12 10067 404 13

2020-06-13 4920 389 9

2020-06-14 1902 327 21

2020-06-15 11381 414 13

2020-06-16 9753 237 13

2020-06-17 10118 549 17

2020-06-18 10086 367 23

2020-06-19 10189 381 13

2020-06-20 4390 371 10

2020-06-21 1841 248 11

2020-06-22 10655 303 14

2020-06-23 9662 272 4

2020-06-24 9065 511 10

2020-06-25 9331 445 13

2020-06-26 9819 477 12

2020-06-27 4041 348 10

2020-06-28 2969 300 9

2020-06-29 10253 370 8

2020-06-30 8883 356 7

2020-07-01 7961 440 11

2020-07-02 9040 527 8

2020-07-03 5203 496 9

2020-07-04 2090 588 7

2020-07-05 2705 314 11

2020-07-06 11337 300 15

2020-07-07 9853 445 6

2020-07-08 8948 499 8

2020-07-09 9094 719 10

2020-07-10 10423 757 7

2020-07-11 4822 545 8

2020-07-12 3566 446 13

2020-07-13 12438 643 9

2020-07-14 11717 677 5

2020-07-15 11293 720 10

2020-07-16 12803 736 9

2020-07-17 13229 834 9

2020-07-18 5758 909 5

2020-07-19 3131 638 8

2020-07-20 13072 713 13

2020-07-21 12717 736 9

2020-07-22 12223 934 13

2020-07-23 12194 995 10

2020-07-24 12423 914 9

2020-07-25 5042 834 8

2020-07-26 2571 550 8

2020-07-27 12610 800 4

2020-07-28 12640 619 6

2020-07-29 11525 966 19

2020-07-30 11394 901 9

2020-07-31 12163 1000 10

2020-08-01 4922 789 12

2020-08-02 2938 577 9

2020-08-03 13599 839 9

2020-08-04 13444 750 9

2020-08-05 13547 1073 4

2020-08-06 13997 1278 14

2020-08-07 14221 1049 14

2020-08-08 5701 1044 10

2020-08-09 3792 672 6

2020-08-10 16207 883 15

2020-08-11 13635 698 13

2020-08-12 14827 1074 15

2020-08-13 14601 1077 15

2020-08-14 16050 1134 14

2020-08-15 5642 773 9

2020-08-16 5548 610 11

2020-08-17 18143 904 20

2020-08-18 16822 543 5

2020-08-19 16528 1010 11

2020-08-20 15429 1236 13

2020-08-21 15160 1141 8

2020-08-22 6699 645 13

2020-08-23 4867 656 11

2020-08-24 13795 805 13

2020-08-25 12591 933 10

2020-08-26 11905 1123 3

2020-08-27 12103 822 15

2020-08-28 11560 1131 9

2020-08-29 4668 859 8

2020-08-30 2927 878 7

2020-08-31 12946 696 12

2020-09-01 11966 858 5

2020-09-02 11533 1092 9

2020-09-03 10535 1021 5

2020-09-04 10762 1069 13

2020-09-05 4048 842 10

2020-09-06 2488 589 14

2020-09-07 3146 389 9

2020-09-08 13222 707 14

2020-09-09 12093 744 11

2020-09-10 11314 1265 11

2020-09-11 11135 1029 11

2020-09-12 4127 739 4

2020-09-13 2584 700 13

2020-09-14 11658 746 12

2020-09-15 10211 612 11

2020-09-16 9536 832 8

2020-09-17 9869 1470 13

2020-09-18 9432 1083 10

2020-09-19 3748 732 9

2020-09-20 2346 531 4

2020-09-21 11173 641 6

2020-09-22 10354 709 13

2020-09-23 9705 906 15

2020-09-24 10050 1169 11

2020-09-25 9372 1131 12

2020-09-26 3915 903 22

2020-09-27 2468 870 12

2020-09-28 11583 750 18

2020-09-29 11105 954 17

2020-09-30 10151 1155 11

2020-10-01 10846 1476 17

2020-10-02 11523 1404 16

2020-10-03 4972 1093 18

2020-10-04 3614 825 13

2020-10-05 14100 976 11

2020-10-06 12940 1261 13

2020-10-07 12189 1475 15

2020-10-08 12495 1816 22

2020-10-09 11633 1931 20

2020-10-10 5555 1575 15

2020-10-11 3511 1558 19

2020-10-12 12466 1543 19

2020-10-13 13218 1151 23

2020-10-14 12451 1923 17

2020-10-15 13217 2293 30

2020-10-16 12124 2479 37

2020-10-17 5749 1615 19

2020-10-18 3565 1573 24

2020-10-19 14507 1520 18

2020-10-20 14207 1749 31

2020-10-21 13499 2818 29

2020-10-22 13323 2482 28

2020-10-23 12765 2732 22

2020-10-24 6081 2124 23

2020-10-25 4016 1977 26

2020-10-26 16778 2023 40

2020-10-27 15939 2571 33

2020-10-28 15269 3613 29

2020-10-29 16350 3155 28

2020-10-30 14795 3447 43

2020-10-31 6946 2766 29

2020-11-01 4657 3039 34

2020-11-02 18518 2884 38

2020-11-03 17191 3707 37

2020-11-04 20080 4420 42

2020-11-05 21109 4654 35

2020-11-06 19685 4934 45

2020-11-07 10117 4608 43

2020-11-08 6197 4141 47

2020-11-09 23855 4805 31

2020-11-10 24654 5048 44

2020-11-11 19675 6565 49

2020-11-12 23747 5610 32

2020-11-13 21635 8288 33

2020-11-14 10444 6757 42

2020-11-15 6848 5145 54

2020-11-16 23839 5441 46

2020-11-17 20722 6050 57

2020-11-18 15968 7322 54

2020-11-19 9616 6830 48

2020-11-20 4748 6907 33

2020-11-21 364 6239 19